      1e+20 7.82339e+10 6.22177e+11 8.29381e+11      15.727     89.6751     34.6111      76.904     68.1552     50.5851     24.5395      60.595     77.0071     70.1158     57.0051     53.3533     54.4843     88.9013     83.8004     25.5572     5.50159     42.2052     88.9215     35.4637       45.09     97.9906     83.0671     80.2185     50.5045     33.1081     85.5939     56.5658     1.15462     12.9366     95.7679     79.2655     22.6265      42.344     97.2427      20.569     35.6878      65.085     99.0682     76.7369 7.20492e+21 2.79487e+21 9.87141e+21 6.36549e+21
6.04177e+11       1e+20 7.81053e+11 1.84787e+11     72.9849     46.1137     85.0229     78.0078     36.4702     56.3162     36.4104     64.5754     74.7613     24.3459     72.7166     61.7224     41.1216     21.5154     97.4618     7.09324     69.9749     34.0954     68.4085     62.5313     37.4288     77.4297     16.5557     65.3931     86.1843     95.6067     53.5432     3.44816     20.1187     91.5982      15.817     43.1183     21.5706     52.5464     79.4368     20.7337     22.5523     51.3741     95.0404     50.4747  9.6122e+21 1.52738e+21 3.86555e+21 1.66151e+21
4.08337e+11 1.79019e+11       1e+20 7.95784e+11     33.0063     24.4982     78.6497       38.03     52.8423     20.5342     68.6928     99.0944     24.7699     46.0889     18.4705     98.1193     38.8877     61.2921     87.9393     28.1113     69.0932     36.0625     87.8167     76.2169     18.5166      62.906     57.3341     61.5768     69.0986     61.3003     34.9899     24.4696     81.9255     41.4917     32.2613     77.2521     91.6983     30.7258     67.4014     48.3201       17.84     72.1315     57.3106     39.7187 1.89409e+21 2.40715e+21  5.3672e+21 6.41302e+21
1.47014e+11  4.3245e+11 6.34224e+11       1e+20     78.3293     61.0346     42.7756     47.4341     5.68712     29.5135     41.1388     59.2447       8.884     4.67987     19.0983     65.2753     58.1752     33.0585     17.6997     19.4558     48.6922      53.195     34.8225     4.52402     74.8712     28.2209      57.231     30.6796     62.6757     35.6589     80.0149     68.3407     71.7048     96.0808     51.5845     58.2028     27.3712     37.8317     98.5629     93.2193     78.2339     2.26227     85.8791     30.3507 1.63893e+21 8.82502e+21  3.6423e+21 4.64102e+21
4.63854e+11 9.48795e+11  2.8174e+11 3.33569e+11       1e+10     19.7226     81.4153     8.09464      15.688     23.6023     51.3498     19.7825     27.6502     62.7883     91.0125     37.8632     10.1776     21.5781     49.0666     33.4254     19.2258     43.5378       45.06     41.9174     30.2193      59.692      49.751     97.8768     38.9201     88.9325     38.2655     83.8838      25.445     62.0826     62.2172     74.9815     34.1934     8.40693     92.9699     84.3986     41.5386      47.562     81.4386     88.3811     98.0109     22.4151     80.8301     44.8068
7.54662e+11 1.64292e+11 2.67255e+11 4.11555e+11     42.7434       1e+10     55.1538     10.2814     20.6468     11.2007      70.606     87.9996     16.9911     57.7279     17.2945     50.6991     78.1762      68.446     85.4661     69.7117     70.1843     16.0867     49.3588     62.8912      32.821     51.6752     26.0071     11.4521      94.995     98.7943     93.6899     33.1044     77.4917     76.4596     12.0767     98.2377     83.9377     83.4832     78.4671      23.973     90.1679     51.6282     76.8186      24.548     91.6681     69.4467     75.3117     4.83536
5.03482e+11 3.97767e+11  9.2757e+11 6.27825e+10     35.1573     49.4263       1e+10     9.32502     10.7425     26.0477      18.838     36.8843     28.0835      74.296     96.7321     76.1692      13.368     67.1581      99.396      22.781     25.3136     79.7652     23.7257     83.4192     49.8608     94.8168     71.2376     40.7028     40.9306     98.5289     89.6512     72.8984      21.277      11.779     34.1529      36.393      74.842     9.53892     15.6138     5.00128     80.9485     20.0501     46.7847     58.2405     93.8631      73.264     87.1895     61.7316
2.63439e+11  6.3056e+11 1.48507e+11 4.30688e+11     4.60787     51.3462      33.723       1e+10     38.3517     37.7667     30.4801     54.0998      89.794      91.126     97.0182     4.60339     16.9999     17.3882     99.9407     26.2338     93.1513     35.3109     3.55876     67.2345     96.8689     1.58369     22.8334     75.1557     85.7126     12.8532     79.7938     49.7194     41.4924     32.6824     82.5024     18.7421     48.3573     45.7672     63.3715     47.2721      54.215      18.557     94.9355     34.9627     52.8047     11.4209      42.235     77.9543
5.91397e+10 1.19754e+11 2.03003e+11 7.29748e+11     84.6187     93.7437     95.8648     81.3664       1e+10     14.1742     32.7653     15.6397     34.1898     72.2085     71.5556      32.197     77.7254     91.8893     16.7929     77.6575      40.826      49.776      7.5774     75.8354     50.7336     62.0133     52.9905       86.38     57.8861     18.4873     19.9568     52.2465     50.1679     30.2412      46.081     57.0589     15.0077      26.036     42.5058     75.0204     58.0518     94.9083     7.65821     72.5529     53.8581     80.0031     57.9768     44.7732
7.48693e+11 9.81494e+11 2.97356e+11 4.35226e+11     67.8663     58.6887     32.6595     92.6581     9.05441       1e+10     20.1806     40.2742      75.813     64.2894     62.5291     22.4815     62.5598     76.7769     87.4505     16.8367     26.5141     49.4915      25.286     70.2989     27.4515     76.7238     57.3253     35.2315     97.3198     45.5751     94.5517     70.0744     69.7591     57.1802     7.45571     30.8869     96.1859     94.1895     83.2347     8.07633     67.8689     57.5969     37.1662      25.966     40.5388     94.4166     79.3455     1.35805
4.25731e+11 4.47621e+11 7.25766e+11 7.97294e+11     44.6446     46.6247     61.0502     17.2243     45.0008     43.3984       1e+10      58.628     25.3473     32.3714     15.9235     99.5571     30.4432     4.29675     69.4667     74.4374     53.8371     2.87995     53.1849     84.1594     29.1507     51.3644     21.2911       10.44     92.7286     60.6712     11.0442     70.8405     28.9585     2.84286     35.1675     7.00416     93.7754     52.6857     27.8398     35.8906     4.82965     8.69798     18.2958     27.3932      51.485      9.0213     54.7917     69.7232
1.24871e+11 5.38205e+11 9.99714e+10 2.00679e+11     65.1496     39.0996     30.4009     51.4677     67.1696     83.6349      90.529       1e+10     75.2436     1.96142     59.1464     49.3345     53.3885     55.0989     61.3246     23.7416     74.7759     89.7565     94.7554      50.288     96.3932     7.58261     16.8005     84.6026     34.3729     83.2719      1.8686     80.4568     14.8427     95.0974     69.3574     13.8239     87.4789     21.7411     97.7334     41.5349     15.7965     8.26405     39.9397      40.041     56.8499     80.4984     52.0061     58.7313
7.85139e+11 6.20373e+11 8.36551e+11 4.83844e+10     54.2473     32.0814     25.7332     76.8924     63.5436     47.7604     41.2073     83.3251       1e+10     36.4465      44.497     84.5769     56.5612      81.304     92.1483     27.5754     69.6551     96.1496     58.3928     76.9458     32.2383     24.9432     14.0507     22.8569     80.0491     99.8354     22.8881     1.14877     63.9826     18.0506      31.147      38.724     37.8395     55.1614     25.0372     39.1484     56.3811       64.56     21.6505     25.6027     97.7601     52.7376     59.8105     21.0768
3.54412e+11  3.3115e+11 4.66918e+11 5.64015e+10     21.1044     87.3134     40.5396      44.589     78.1624     90.1007     62.1545     23.0124     25.1897       1e+10     68.8548     95.3509     18.3826      89.919     60.0857     93.4651     11.2802      45.677     89.7731     50.2594     86.4882     14.2102     65.1667     95.3024     31.9162     71.8855     60.6976     99.4453     58.4948     34.6041     30.7132     87.0584     38.1982     28.5362     44.2481     45.3389     81.7648     39.1736     56.5394     52.1616     60.9662      48.457     28.6664     41.9801
7.60681e+11 4.40315e+11 6.51735e+10 2.83787e+11     28.6185     98.1826     53.6122       55.18     37.3581     22.2508     98.8777     12.4307     76.8925     7.72149       1e+10     23.4771     81.4048      71.793     94.7576     52.6261      34.283     35.2387     25.1386     13.6622     77.5165     96.2419     77.6012     65.8923     90.0782     98.5609     15.8885     94.2609     35.0832     61.1083     5.57053     65.3568     40.2157     39.0727     95.3049     5.29212     92.1101     55.3076     37.3062     6.59723     36.5786     28.9652     3.05758     26.3657
1.22969e+11 8.53428e+11 7.67911e+11 4.32595e+11      58.107      77.459     63.9206     46.1497     96.0406     14.9108     18.5501     62.7865     30.0076     82.3648     49.8107       1e+10     12.2851     26.9525     18.3615     35.7759     19.8893     13.7826     25.5951     52.0011     98.5565      9.5914     47.2058      26.038     28.1716     41.2801     45.8313     83.7663     60.6542     97.0396     46.4365      61.378     21.6114     36.7039     18.3861     49.6573     64.6269     93.0753     56.5088     20.2798      6.4561     42.6227     30.1176     51.4065
4.43401e+11 6.13015e+11  3.7709e+11 8.27554e+11     76.1425     61.0084     43.5271     50.6034      49.354     89.6453     92.8796     55.0895     24.1265     70.6267     67.8751     9.61525       1e+10      15.429     11.9969     1.43211     94.8345     57.5671     62.4237     4.17609     21.0426     93.5726     71.9483     38.4988     31.6808     52.1983     71.6514     63.0401     12.5007     48.2908     66.7505     99.3739     58.8732      95.085     90.3823     22.1886     8.01995     86.4892     66.9145     34.2408     10.1661     22.8665     44.7731     81.6689
1.17014e+11  4.7944e+11 4.52825e+11  9.9112e+11     96.8498     36.5949      37.858     1.66802     53.9808     64.5538     36.7399     62.7348     37.7861     21.3656     77.2395     15.7179     74.6964       1e+10      61.249     98.2103     12.2458      28.413     7.71684     10.8589     62.1638     60.7725     66.6227       4.413     76.4631     76.5257     64.5672       88.08     23.6645      97.824     36.8644     68.4743     50.1552     82.7755     30.7081     66.6122     62.6431      80.585      35.935     58.0326      45.658     79.6562     22.1091     70.8866
2.12757e+11 5.50338e+11 6.48066e+11 9.85463e+10     94.3235     85.1218     21.8306     95.8223     36.6322     95.7493     18.4953     92.5976     8.17507     55.9334     17.9128     46.2134     4.87216     80.7787       1e+10      92.043     2.54894     48.6414     35.3351     71.1164     7.79211     23.4589     40.0529     77.9702     73.1708     20.6449     57.7069     5.64945     41.2096     2.47372     23.8087     46.2492     79.3649     51.4398     19.1419     53.1361     57.2713     63.1293     38.9291     95.3956     2.53315     30.5186     21.8398     62.5663
 2.5126e+10 6.49543e+11 4.41553e+11 8.65961e+11     72.3361     76.4469     11.5175     11.7716      29.827     9.83665     34.8053     57.7727     11.0629     18.6304     24.6232     39.1741      40.199     18.1151      31.354       1e+10     49.1006     39.6416      50.161     6.45154     17.4882     6.75603     30.4051     6.70241     41.8974     27.5061     81.3995     20.3247     97.6111     39.4691     79.2474     23.7662     77.7859     46.5715     20.9996     76.5054     56.2481     24.9726     28.9177     92.1384      81.914      87.944     30.3264     96.6695
3.64216e+11 2.20465e+10 2.38244e+11 6.36022e+11     71.3595     9.16448     70.5301     37.5319     78.9284     17.5993     98.6497     31.8769      34.564     62.0932      12.922     4.69082     44.1573     33.8993     93.8986     44.1906       1e+10      45.901     69.0603     30.7812     30.2304     74.1638     50.4611     13.1713     3.55083     94.4211     12.7749     71.5502     84.1441     55.8166     78.9372     5.74466     95.4878     2.32024     73.6503     43.5461     37.1773     86.8109     53.6139     56.2526      12.978     25.2102     14.4247       3.597
5.66629e+11 5.00687e+11 1.58782e+11 8.93004e+11     73.6089     96.3924     30.0868     79.2178     67.2861     15.9394     55.2071     52.8889     39.4424     19.2959     76.1408     69.0561     1.06261     51.6048     27.3322     49.2509     10.4424       1e+10     79.3861     92.7906     82.2622     34.1953     33.4837     52.7358     93.3258     84.7223     81.4356     6.32632     70.4844     47.4002     32.8632     13.6228     55.8605      14.533     64.6649     19.9863     96.1879     86.3982     38.9064     66.4468     32.5729     70.2192      23.983     15.9612
9.85273e+11  7.3521e+11 6.15771e+11 1.07371e+11     41.5046     76.5042     72.2514     67.8045     90.6664     2.91318     88.9052     92.2212      12.639     98.8239     52.5798     40.2885     8.15389     97.5268     42.6005     2.09115     80.0241     61.5422       1e+10     15.3044     88.7691     68.6731     49.8752     26.8965     38.4939     59.7001     9.63483     95.5662     35.9679     79.8154     21.9856     92.2394     53.7574     12.0657     75.6529     73.3279     79.4967     20.5079     84.8293     57.6943     27.2147     7.87966     94.8829     69.6468
9.65317e+11 3.03346e+11 9.95158e+11 5.68281e+11     88.3917     48.6004     61.8909     6.05535     96.5342     77.6992     77.6396     20.1995     70.6161     78.6338     11.8939     55.1928     35.0996     82.6963     4.32518     76.6214     27.5703     88.9031     79.8952       1e+10     67.5958     15.0066     11.0232     78.2549       63.87     10.6362     5.55774     49.5721     15.6983     82.5684     78.1903     48.4708     71.7072     17.0509      11.782     3.71463     18.7879     60.9057     28.8897     90.6389     5.26389      10.303     1.15675     14.6529
6.81766e+11 8.66767e+11 1.07119e+11 4.23226e+11     32.6236     52.3076     83.9677     23.6637     15.1644     79.1303     35.3173     63.1438     29.3377     7.00575     66.7402     7.82226     95.8101     51.8741     92.8084     74.9255     91.7731     58.4987     26.3171     67.6496       1e+10     73.0824     77.2789     47.7925     23.9207     42.5282     65.8356     17.0474     70.5998     21.2852     43.7606     15.1639     38.3603     70.4016     62.8736     13.6764      70.995     14.4969     46.5816     54.7939     89.0058     61.4048     34.1475     23.1477
9.55462e+11 9.35748e+11 3.28193e+11 4.28753e+11     29.7409     41.7109      72.085     54.2384     3.97355     62.1593     27.6401     18.1987     15.4806     55.2611     81.4979     99.5492     24.4432     31.3268     8.94579     70.6417     34.6893     58.2186     13.9442     18.9127     11.3381       1e+10     75.9279      62.891     19.6931     26.2668     20.1421     72.6762     53.7816     35.0043     58.8212       31.07     42.5528     64.0388     52.0474     67.8839     44.2802     30.8397     49.0049       62.19     11.5564     82.6652     40.9379     93.6303
5.93727e+11 3.69786e+11 3.82444e+11  3.3709e+11     10.2624     42.2835     84.3331      98.312     91.0324     2.34265     4.38986     48.7295     89.9934      65.797     46.3123     50.1918     10.6188     88.0545     94.0557     2.20047     69.7262     2.56032     86.8797     77.5907     81.9071     86.0878       1e+10     57.3892     47.0462     5.90054      97.176     49.4822     46.4012     73.3028     94.4939     22.3439     85.6506      68.621     4.07505     86.9204     38.5468     90.3815     67.7256     46.6757     22.1526     92.1559     39.6264     84.5193
8.17061e+11 5.87259e+11 3.76606e+11 4.10367e+11     95.2785     28.3272      26.162     7.64908     6.63166     21.4836      5.5282     35.5533     41.2454     18.9053     95.9537     14.4433     86.9086      69.526     49.2036     60.6858      67.569     50.6262      17.925     32.2817     50.7807     98.4577     35.2843       1e+10     48.8181     31.2505     22.1211     87.4661     70.1605     52.6651      88.262     46.4181     7.91844     64.4684     88.6184     50.6146      90.141     23.3603     92.4305     98.6803     97.6004     13.5567     91.7689     58.0006
4.28451e+11 8.96968e+11 4.70931e+11 8.05308e+11      45.356     34.5362     70.1012     93.2845     70.4607     58.7636     86.6258     42.0538     29.7529     87.5908     18.1375      75.663     63.2097     45.5317     46.0841     34.9499     40.9805      88.178     74.4526     46.6596     45.5693     63.8101     98.2226     76.4868       1e+10     81.9118     29.2103     64.6748     65.8562     24.2765      56.765     73.4712     95.7051     56.2275     66.5145     57.7447     13.3557     33.2815     67.4881     3.99184     1.49532     94.0293      14.958     20.6714
6.38879e+11 5.49195e+11 6.13158e+11  8.6381e+11     73.3927     93.0737     84.2343     55.4892     31.6803     22.0267      44.051     94.8096     72.1571     81.9679     63.0954     94.0014     5.52702     5.69776     11.7387      44.141     47.6581     34.1068     7.64682     5.78687     48.2194     56.7254     87.6254     82.7293     55.2603       1e+10     31.0743     94.2235     60.8704     24.6913     8.83709     41.6536     60.9719     41.8025     32.0721     88.5122     7.96304     84.4842     99.6367     58.2213      58.321      80.465     20.7188     84.5033
8.83528e+11 7.41152e+11 2.59108e+11 7.64598e+11     41.6887     79.4893     28.3647     34.1616     47.7023     12.1908     64.3844     99.8424     8.24266     53.9313     95.7938     87.9394     86.6222      90.619     20.0277     57.4431      43.797     37.5881        66.1     58.3375     62.8458     44.8756     85.8624     39.1877     12.2142     50.6534       1e+10     30.5363     32.7612     95.5457     81.0542     44.4228     75.8505     17.4083     10.4483     77.9351     31.4756     39.2436     25.7685     10.4812     40.4357     73.8747     72.2569     37.6266
 9.0211e+11 9.65202e+11 9.31084e+10 6.34689e+11      60.083     24.2113     4.71237     70.1885     38.6159      9.3487     11.1653     2.64888     6.76007     57.7066     74.1426     29.0163      17.694      34.433     29.8845     59.5071     45.4821     30.3832     63.3742     81.1233     89.6593     61.8006     81.2897     56.7053      16.289     15.0199     14.8041       1e+10     66.0109     36.2131     52.5329     52.7368     18.3316     97.5715     63.7572     77.3137     48.0435     97.3665     66.5563     79.7287     48.4668     51.0514     67.6344     67.8216
2.43055e+11 9.31361e+11 3.94211e+11 4.85968e+10     46.3776     39.1874     69.2572      33.497     67.1505     77.3428     79.4613      59.385     46.9184     6.31376      35.812     55.7239     45.6486     26.2132      9.2005     50.2342      17.633     67.2023     75.0553     67.3182     84.6482     34.1551     4.18112     48.1224     41.4447     23.9431     83.6176     96.6716       1e+10     16.2895      23.654     83.7719     81.5425     93.3489     11.5089     9.24586     29.5153     35.8583     94.6771     8.69599     89.8851     70.3072     31.3297     6.32711
2.91865e+11 9.10172e+11 7.81152e+11 5.60381e+11      73.695     3.98755     7.01437     71.1916     99.5446     31.7251     33.0772     98.9368     32.0126     99.0202     14.2644     86.0587       25.51     51.9111     7.96702     84.5543     12.8902     72.6507     53.9166     34.5544     80.3624      7.7816     43.1964     99.7645     80.3128     11.9538     63.5947     54.0059     14.6867       1e+10     13.3155      21.675     67.5488     47.1341     76.8497     26.2552     48.3156     11.3751     82.0791     49.1999     74.4095     17.1067     40.6889      46.579
4.91245e+10 3.97652e+11 7.17332e+11 6.92314e+11     38.4123     84.2458      46.488     17.6226      43.303     37.8622     51.3041     60.8936     14.6441     61.3865     92.2408     93.2916     74.8692     66.4915     46.5843     77.9629     93.1744     82.5782     97.1967     84.6473     64.5306     89.0216     38.5207     86.3849     77.9648     49.6788     93.8191     88.5812     37.7157     32.2938       1e+10     10.9395     44.7028     35.4033     62.3201     70.5329     26.2774     98.6288     52.4353     10.0794     51.6909     20.0515     45.5209     29.3965
 6.9691e+11 8.80155e+11 6.65951e+11 3.72166e+11     8.66279       57.91     50.6726     40.5916     81.8385     99.9452     30.8111     78.1675     73.5685      68.102     26.8245     92.5871     54.8262     46.7913     57.2671     82.6596     35.8588     10.7401     20.1154     9.23561     14.8675     92.8471     52.9321     45.9992     79.3648     12.8756     21.8831     80.5554     5.43408     77.3721     84.8712       1e+10     15.7359     1.75581     4.47878     92.6444      70.054     82.4203     76.1157     96.0771     87.8959     91.7222     12.1598     50.1339
4.65278e+10 7.44637e+10 4.84071e+10 9.61936e+11     16.4385     67.9903     61.1682      80.473     20.1914     41.9257     3.68315     86.9364     48.0037     56.7481     30.5588     36.7578     3.68618     20.3572     92.4331     54.2661     82.0745     87.7373     3.27545     96.4456     13.1834     58.4568     68.2036     11.2166     75.3079      10.748     57.2847     86.1103     91.1784     13.4969     24.3922     19.9127       1e+10     30.6173     55.3168     49.2282     38.4835     62.0032     58.8977     72.7479     66.0776     85.5534     16.0005     50.4143
5.42607e+11 7.85419e+11 6.44902e+11 7.45096e+11     72.5696     33.6721     36.8639     25.9476     53.0455     62.9098      69.142     96.7779     41.7276     35.6825     88.9729     69.4609     87.2372     33.6496     45.9803     99.7439      18.488     62.3434     20.9223     68.0665     14.3913     83.8383     9.75827     27.0877     18.8954     48.2077     83.4702     61.4797     57.9927     43.0729     37.2704     46.3325     19.5447       1e+10     76.9339     74.5342      7.2259     18.6789     98.2201     67.3199      45.554     92.3155     32.7104     90.1281
9.50349e+11 5.10716e+11 8.04457e+11 7.92853e+11     12.2707      9.2562     83.3956     31.6539     20.1901     37.7118     60.2913     32.2673     63.3625      59.228     23.8427     96.1905     70.8261     63.1795     57.2079     8.89342     29.0101      45.051     22.6741     75.4701     11.7364     93.4308     74.7656     21.1549     65.0774     24.7288     1.67687     30.2748     45.9265     10.0545     67.3736     76.4956     63.0932      46.523       1e+10     39.9165      24.269     99.9773     71.0513     31.0398     40.7006     3.14315     53.3948     28.0882
9.56675e+10 1.84218e+11  2.4141e+11 6.91684e+11     1.05722      61.734     57.0329     61.8394     93.0765     55.0999     35.4485     2.57611     81.1935     28.9566     2.11439     67.9549     80.4116     12.2464     9.22597     31.9236     22.9005     37.5133     9.85285      72.281      62.917     20.4701      21.194     96.5966     33.1939     28.2354     76.2415     38.3569     41.3463     42.7381     69.4732     75.9715     65.4942     55.6533     96.8226       1e+10     95.5353     56.9116     65.5559     45.3007     19.9356     65.5565     72.9774     94.1876
  2.913e+11 7.66913e+11 9.32259e+11 1.80323e+11     40.4359     91.3608     68.5234     18.6058     61.0999     78.9899     88.3227     37.0521     17.5406     98.9719      51.502     90.9423      49.797     10.4265     33.4308     16.5806     44.0021     11.8349     45.2083     38.3655     40.8428     60.5622     66.0836     61.3192     16.2152     92.7828     78.0219     31.5541     27.7518      99.253     43.7261     76.2194     15.7306     38.1317     60.1686     81.6106       1e+10     75.2758     35.3863     92.2859     85.0928     86.7321     12.0559     90.4862
 3.7608e+11 9.48337e+11 5.30223e+11 5.90147e+11     55.9152     54.8809     44.4458     47.8783     64.1909     80.1102      11.255     89.8953     87.7098     90.5994     38.7662     95.7475     1.26928     66.4762     26.6746     82.3308     81.8472     46.9309      74.859     59.6295     39.8871     44.7952     95.0567      30.595      57.806        84.4     11.7211     1.11533      73.885     11.8974     2.54108     82.4998     56.8686     98.2087     93.6901     74.8071     28.0986       1e+10      88.347     57.4329     91.1856     11.1645     8.18652     96.8114
2.10538e+11 7.12422e+11 3.31382e+11 8.82363e+11     65.2068     99.8336     86.4339     13.3071     60.2462     38.7349     25.9775     3.84159     56.4372     29.9181     60.2608     17.2894     33.8001     66.3453     69.5506     54.6652     96.6764     27.2698     4.60826      22.569     59.3102     27.0527     36.9946     81.1992     66.5668     11.5073     77.1101     18.8137     55.1889     37.8356     38.8307     88.7954     52.9731     76.3945     94.5559     64.7835     11.3317     64.1756       1e+10     84.3417     75.7855     46.0549     24.9835     52.9189
7.64394e+10 3.87286e+11 7.68809e+11 2.18707e+11     93.6832     23.4422     93.2566     94.4982     24.6435     26.7503       29.53     20.3772     87.1632     35.4183      94.999     75.5193     6.35819     90.7305     25.5791      43.156     13.6572     7.98451     3.60113     15.3112     72.0811     84.5054     79.1343     83.1761     95.2643     92.6182       99.91     31.7029     90.7344     17.3036     73.8731     14.9434     52.5701     92.2931     84.2057     20.7589     30.4758     39.8358     56.0368       1e+10     82.8529     39.4697     70.8664      11.563
7.20492e+21 2.79487e+21 9.87141e+21 6.36549e+21 7.60196e+11 4.21943e+11 8.39854e+11 9.14673e+11 4.23533e+11 7.02109e+11 7.24095e+11 1.29077e+11 1.28995e+11 3.02135e+11 7.62102e+10 9.10984e+11 1.86518e+11 5.63952e+11 8.57603e+11 7.57959e+11 9.21274e+11 9.16079e+11 6.46321e+11 9.88898e+10 2.63753e+11 5.80054e+11 6.02234e+11 2.58973e+11 8.87222e+11 5.62855e+11 7.14187e+11 9.95607e+11 3.23799e+11 4.55015e+11 3.22542e+11 6.95582e+11 9.40668e+11 2.67449e+11 3.79382e+11  2.0146e+11  9.8634e+10 4.68488e+11 4.48864e+11 9.59456e+10       1e+20 5.86215e+11 3.58529e+11 3.87915e+11
 9.6122e+21 1.52738e+21 3.86555e+21 1.66151e+21 9.28252e+11 9.80162e+11 4.00461e+11 6.74872e+11 9.66043e+11 5.99857e+11 2.48552e+11 1.52723e+11 3.33297e+11 3.66396e+11 7.61138e+11 3.97664e+11 1.52049e+11 3.81383e+11 6.43081e+11 7.29125e+10 3.09594e+11 6.15085e+11 2.87469e+11 3.52312e+11 3.68267e+11 2.32947e+11 1.45958e+11 4.70915e+11  5.6645e+11 1.00682e+11 9.19985e+11 1.30746e+11 8.92722e+11 9.79439e+11 4.34012e+11 5.41523e+11 9.21888e+11 1.54672e+11 8.98608e+11 6.90756e+11 3.44188e+10 1.94832e+11 4.18019e+11 8.99389e+11 1.23641e+11       1e+20 2.70411e+11 7.82845e+11
1.89409e+21 2.40715e+21  5.3672e+21 6.41302e+21 5.17902e+11 9.99012e+11 5.71772e+11 4.06479e+11  2.0684e+11 4.06611e+11 4.70801e+11 8.21637e+11 1.71708e+11 1.77832e+11 4.48097e+11 9.49082e+11 1.76433e+11  1.7683e+11 4.29405e+11 7.79319e+11 3.25465e+11 2.07671e+11 2.81962e+11 6.63123e+11 7.06376e+11 9.30968e+11 2.63402e+11 9.21416e+10 2.34359e+11 3.38984e+11 4.57413e+11 1.54692e+11 5.13886e+11 1.43432e+11 2.03097e+11 7.53214e+11 7.31815e+11  2.8997e+11  2.5918e+10 6.94162e+11 9.41028e+11 3.29111e+11 1.25456e+11 3.71685e+11  8.8309e+11 8.10923e+11       1e+20 6.19695e+11
1.63893e+21 8.82502e+21  3.6423e+21 4.64102e+21 5.21621e+11 3.20273e+10 2.75125e+11 4.20707e+11 9.07072e+11 5.98562e+11 6.52891e+11 6.69972e+11  3.6026e+11 9.98401e+11 7.44961e+11 9.97137e+11 2.20931e+11 7.08242e+11 9.67572e+11  7.6228e+11  8.6962e+11  4.9175e+11 2.70558e+11 1.30651e+11 4.64179e+11  5.1578e+11 3.21717e+11 6.33962e+11  2.0403e+11 8.48375e+10 4.30702e+11 6.26007e+11 4.38806e+11 9.27922e+11 9.80047e+11 6.89321e+11   5.294e+11 2.18299e+11 2.83205e+11 4.13346e+11 1.68833e+11  3.3338e+11 1.18009e+11 4.28353e+11  6.1318e+11  8.0488e+11  7.9626e+11       1e+20
