       1e+20  6.28168e+51  9.53794e+51        53.63      81.1685      32.7832      87.2469        56.77 8.19371e+101 3.39948e+101  6.5024e+100
 6.31257e+51        1e+20  5.37179e+51      2.49042      56.6356      62.6606      47.0828      41.8467 8.19661e+100 7.04273e+101  4.0015e+100
 4.81276e+51  6.35566e+51        1e+20      83.5459      95.3083      17.6341      32.2859      13.6376 2.07337e+100 4.38123e+101 2.55963e+101
 9.84889e+51  4.83991e+51  9.50054e+51        1e+10      39.2809      24.4678      4.78542      6.95241       14.475      65.8533      15.4328
 5.89495e+51  4.19431e+51  3.82258e+51      68.6141        1e+10      59.1798      92.5025      14.1224      84.1684      30.6057      87.9846
 1.18526e+51  5.81124e+51  9.16846e+51      17.5385      50.1824        1e+10      8.09659       39.328      63.7992      7.09278       67.918
 6.71237e+51  9.96275e+51  9.65193e+51      46.4197      72.2757      29.9702        1e+10      98.9472      18.1761      27.3151      33.1691
 3.39927e+51  5.48742e+51  6.24707e+51      75.8107      26.6904      62.1813      1.73895        1e+10      66.7686      33.1715       19.715
8.19371e+101 3.39948e+101  6.5024e+100  1.86119e+51  9.29947e+51  4.70105e+50  6.14617e+51  1.87363e+51        1e+20  6.34673e+51  1.13561e+51
8.19661e+100 7.04273e+101  4.0015e+100   9.2365e+50  6.76551e+51  8.26002e+51  3.56578e+50  3.17304e+51    5.423e+50        1e+20  6.75394e+51
2.07337e+100 4.38123e+101 2.55963e+101  5.43651e+51  7.94083e+51  6.36717e+51  5.73745e+51   4.3438e+51  1.38514e+51  7.40182e+51        1e+20
