      1e+20 4.60398e+21 2.73548e+21     39.8942     93.4761     12.6325     84.9219     22.5278     64.4991     36.2292     95.0528       19.67     56.6735     13.1847     81.1454     50.5877     33.5057     1.59993     38.5936     70.3243     53.8963     53.4162     91.6158     38.3474     21.3767     59.2296      7.6429 1.96856e+41 9.60768e+41 4.32155e+41
2.33037e+21       1e+20 6.40191e+21     32.6042     91.1741     81.5841     82.5839     45.0696     6.91302     18.1423     23.7155     71.4101     69.8819     94.0846      93.448     74.8739     69.9482     68.5344     63.0085     22.6378      22.179     56.8383     95.2425     75.1863     16.3007     31.7926     78.9751 4.76174e+41 1.89793e+41 6.24932e+40
6.10003e+21 5.35817e+21       1e+20     47.5724      72.415     58.3615     10.4671     87.3686      78.141     82.2027     30.7932      10.716     28.3592      63.245     66.4736     99.6261     83.9924     45.3055      63.515     1.61517     14.4205     97.2687      30.289     49.1424     52.3206     5.61244     57.1131  3.1278e+41 9.66787e+41 8.35533e+41
5.89734e+21 7.04017e+20 7.99365e+21       1e+10     41.0484     84.0475     43.2834     31.9949     51.8677     14.3703     77.2554     49.4632     66.3895     40.5439     44.3904     17.0612     33.1318     84.5923     82.8992     33.8393     54.5114     66.8367     88.8845     67.6364     69.5191     11.5502     12.2553      64.027     20.8272     3.71335
2.79212e+21 7.28063e+21 7.00593e+21     12.5407       1e+10     22.6325     66.6314      87.353     37.9079       69.01     37.0858     48.6655     19.3451     60.4741     33.9919     19.2642     86.0094     1.66628     47.6008     5.53694     55.0184     11.3497     62.0793     64.0707     82.9371     1.31175     89.5254     10.4443     99.4621     81.9462
7.88637e+21 8.05028e+21  8.3318e+21     17.6316     83.9557       1e+10     32.0996          54     65.4941     20.1106     98.8032     46.8018     76.0247     81.5901     26.9477      33.618     3.25663      31.315     64.1813      48.216     18.9575     52.2871     40.6387     11.2217     16.3913     87.5495     57.4249     65.5459     51.7871     87.5231
3.60569e+20 8.49038e+21 6.04394e+21     33.7239     57.6801     68.0032       1e+10     63.0945     5.86771     78.8644      96.366     48.2663     13.1913     16.5686     25.9805      43.009     65.7498     86.8489     14.2141     97.0206     2.72742     84.7942     41.1715     8.27509     79.7408     26.9416     98.8048     21.4519     85.3731     54.5005
2.41901e+21  7.5412e+21 5.49631e+21       71.98     74.3038     79.3126     34.6346       1e+10     1.00237     73.8777     15.9501     45.0315     66.6114     72.6655     49.5605     44.2447     29.0184     66.4161     34.4498     18.7511      52.039     13.0771     46.8735     5.24224     90.2122     80.0526      16.467     9.24917      20.914     67.3193
4.06802e+21 4.69295e+20   5.873e+21     71.5947     55.9357     73.2452     11.4122     87.6346       1e+10     20.1129     72.6808      61.752     21.0562     48.2015     98.6132     82.1785     46.5014     59.3333     30.5974     81.6658     36.7086     4.32608     52.7158     57.0952     20.6336     77.7617     37.4774     81.0129     60.0363     8.43713
6.71229e+20  2.5584e+21 6.41323e+21     91.4539     29.2748     23.9389     15.4701     73.5067     92.5024       1e+10     16.4789     20.9472     73.9433     36.6248      73.182     41.6221     47.9283     33.3503     72.5474     27.6181     83.3932     21.5028     44.4976     59.9909      36.836     46.5752     76.5665     57.9293      66.386     14.5367
5.60188e+21 8.11243e+21 7.95471e+21     36.1123     65.7577     8.58738     57.5736      44.048      73.509       66.38       1e+10     60.5104     86.5586     46.6087     85.1853     17.4267     69.6405     14.3444     66.8001     90.2985     78.6571     95.4703     67.3763     48.7398      50.203     16.8886     62.0422     84.8157     77.8433     33.7053
9.51373e+21 5.97117e+21 3.98544e+21     51.1419     91.0481     39.0029     18.9996     45.2082     38.1199     92.6219     39.0609       1e+10     80.5666     34.7601     45.2219     67.3638     62.9281     28.9738     43.9418     48.4658     27.0071     81.9832     48.1861     24.4715     68.3734     27.9647     53.3661      43.055      44.852     85.2805
9.35635e+21 2.07213e+21  2.3844e+21     31.3083     79.4167      14.987      53.473     91.5062     37.7106     11.0563     9.10084      59.008       1e+10     17.1914     7.94215      85.844     15.2921     95.2784     1.52127     70.5599      31.859     47.5098     26.4808     8.17698     60.3075     14.9486     4.53123     11.2954       9.441     58.3887
5.35429e+21 7.46878e+21 9.92684e+21     58.9564      96.066      87.004     71.5606      96.521     65.0153     4.09061     97.9428     68.6112     45.5666       1e+10     2.37673     24.3689     55.4845     28.6364     62.0785     90.8198     49.2169     27.3293     14.8861     74.2206       57.38     76.1962     75.9907     88.3469     88.1387     42.1463
 3.7941e+21 1.32546e+21 1.45422e+21     50.4103     50.0044     35.0689      6.0036     16.7688     34.6409     57.6372     42.1515     47.5812     49.1778     79.3267       1e+10     68.7405      86.297     83.4583     71.5782     10.5443     17.8269     31.2001     74.5154     38.3576      42.594     84.3447     29.5623     19.0458     33.1989     73.4192
8.17709e+21 5.76623e+21 3.60986e+21     44.8505     29.8269     63.9914     87.5419     96.5098     53.4794     44.6972      65.738     1.15948      70.163     65.3692     86.2689       1e+10     83.0326     81.5754     83.9796     42.1381     41.4034     64.3367     56.6809     81.6924     97.6652     56.5426      87.876     39.8577     27.4868     90.5875
5.46515e+20 5.64588e+21 5.69307e+21      94.055     40.9164      16.831      35.552     84.0628     61.5251       56.57       42.64     34.3493     45.7261     39.3534     66.7459     10.6378       1e+10      11.669     43.6539     74.7994      90.355     67.7327     78.2228     30.9014     39.0724     73.8614     32.5333     76.2229     27.9964     68.6331
 5.5769e+21 1.77198e+21  7.0001e+21     7.34101     44.0594     74.9853     21.8346     51.3208     18.7037     19.1623     97.7215     89.2212     82.5271     25.0528     52.7658     35.4865     95.9348       1e+10     82.2472     53.1982     91.6262     21.5551     42.2481     16.5805     72.4954     23.4171     3.42362     50.5791     9.42175     1.41557
3.97573e+21 1.34313e+21 5.28184e+21     14.8515     36.1679     8.05085     62.5272     18.3444     4.80024     62.4009     83.9003     97.8809     59.3842     47.8963     11.3217     52.0221      18.519     77.5102       1e+10     24.3853     93.6016     55.9629      77.236     23.9404     14.2457      29.038     11.2931     42.2813     77.0659     99.0093
1.49877e+20 9.52161e+21  6.9362e+21     46.8734     54.7679     51.9989     42.6029       46.59     78.8695     60.3702     5.04086     18.2496      43.607     97.7376     14.6422     20.9594     6.76301      29.188     21.1641       1e+10     14.7403     61.3343     34.1858     8.13743     62.0129      87.107     60.5714      86.516     69.2777     45.6989
6.88929e+21 1.82185e+21 6.52171e+21      75.703     89.9328     29.7532     72.8335     92.9237     64.2937     97.0318     58.0917     93.2621     99.7766     67.6598     50.5034     49.1287     16.8942     43.9622     11.4352     73.3623       1e+10     35.2955     3.58235     49.7663     79.6329       84.43     89.5306     11.1505     94.9377     69.6933
6.84705e+20 8.13241e+21 7.00369e+21     79.0686     11.8709     96.9837     91.2804     90.1779     96.7239     26.6946     80.9321     55.9727     52.6463     47.6729     77.9815     2.52547     66.6477     93.4044     65.1411     34.8206     66.9639       1e+10     12.5315     26.5228     63.0119     8.67091     94.7231     31.8119     87.2163      93.947
6.89863e+20 2.06316e+20 5.06861e+21     16.9103     33.8364     62.8698     39.5865     37.8704     69.0474     57.0942     30.7355     98.1816     98.5797     50.3839     61.3151     97.9409     8.28848     94.8357     14.5685     61.1193     48.5609     28.2982       1e+10     19.6689     87.5356     50.1189     68.2423     81.2391      1.0896     32.9152
7.81622e+21 2.41172e+21 6.62803e+21     26.3891     6.84315     62.5896     35.7033     32.5103     2.16408     66.0792     15.1859     23.9976     97.9583     66.2395     99.8872     10.4438      14.835     51.2507     6.27095     86.9308     48.7238     82.8564     30.8806       1e+10     98.3018     71.9656     39.6496     78.3928     76.1768     69.7828
9.82306e+21 5.94864e+21 9.31541e+21     45.3488       37.26     3.82683       53.87     25.8813     29.2342     27.8587     47.0112     70.1586     75.6438     45.6311     44.2209     2.41268     76.0914     8.23941     16.3918     40.0915     53.8947     91.2912     94.3878     56.4034       1e+10     6.97267     66.6887     70.4615     65.6091     70.1239
2.69442e+21 9.92937e+21 1.01725e+21     10.0644     78.1853     99.1299     42.4134     90.7403     93.9287     85.3284     57.5942     45.1929     68.7383     26.0277     6.94623     42.1618     9.70116     70.9271     21.8079     76.5111     87.6524      81.193     68.0444     14.0567      43.939       1e+10      74.215     47.9278     70.5511     97.5243
3.75905e+21 5.00614e+21  6.5574e+21     35.5616     15.9076     40.7749     34.8332     73.9236     91.9044     60.0078     99.5143     80.5918     43.1511     34.9778     25.9149       16.39     55.9969     59.9519     76.1981     8.73866     25.2349     70.5088     12.0735     93.5639     12.3585     15.9046       1e+10     52.6077     24.1047     40.3339
1.96856e+41 9.60768e+41 4.32155e+41 1.09228e+21 7.18216e+21 1.87344e+21 9.36449e+21 5.97145e+21 3.15784e+20 1.97631e+21 7.01905e+20 6.96729e+21 5.62356e+21 8.77823e+21 7.81987e+21 2.73276e+21 9.14814e+21 6.32363e+21 7.53437e+21 1.62896e+21 6.16334e+21 1.65261e+21 6.48966e+21 6.74769e+21 8.20952e+21 1.83311e+21 8.15934e+21       1e+20 1.82168e+21 9.32285e+21
4.76174e+41 1.89793e+41 6.24932e+40 5.22799e+21 8.81081e+21 7.09514e+21 6.01478e+21 8.43852e+21 5.36431e+21 8.74862e+21 7.63573e+21 5.12119e+21 3.84112e+21 8.12633e+21 9.37285e+21 2.03605e+21 3.60287e+21 6.24086e+21 8.40441e+21 5.18548e+21   3.942e+20 4.28264e+21 8.35705e+21 7.79533e+21 1.14159e+21 2.07455e+21 9.15461e+21 2.95212e+21       1e+20 1.57411e+21
 3.1278e+41 9.66787e+41 8.35533e+41 4.08109e+21 6.71875e+21 2.88829e+21 5.78466e+20 3.40714e+21 7.62896e+21 1.36509e+21 8.70006e+21 5.69491e+21 9.33631e+21 7.23889e+21 7.17815e+20 1.01185e+21 7.53574e+21 9.49806e+21 3.86067e+21 9.17828e+21 7.60897e+21 7.34508e+21 5.38999e+21 7.71344e+21 8.93118e+21 2.63205e+21 9.70454e+21 4.41538e+21 5.26259e+21       1e+20
