      1e+20 5.86882e+11 8.58649e+11      97.461     37.6248     67.1553     46.8204     88.4688     2.93553     92.2041     27.9018     73.3623 6.19106e+21 7.32937e+21 4.11473e+21
6.20538e+11       1e+20 7.70958e+11     54.4088     65.2936      2.2437     25.3326     79.6127     81.4975     21.0833     87.0687     83.6546 9.58648e+21 7.66521e+21 9.57207e+21
1.59207e+11   6.076e+11       1e+20     14.5784     98.9597     67.7491     88.5261     8.35631      50.265     27.2795     46.4967     81.9349 5.73137e+21 8.87783e+21 3.66427e+21
5.28638e+11 1.98542e+11 1.78563e+10       1e+10     87.4569     80.7337     45.7801     56.2179     90.4617     99.5604     77.1669     99.6418     45.6873     63.2363      18.167
4.21315e+11 7.83172e+11 2.99596e+11      73.263       1e+10     59.4647     12.7895     60.3464     27.2776     76.3012     77.5304     83.2151     20.3793     48.7863     18.9927
1.92244e+11 1.58566e+11 9.19636e+11     91.8956     28.9193       1e+10     54.6053      66.821     62.0545     86.6259     72.7742     58.2361     85.9297     71.2062     12.0465
2.69306e+11 2.53939e+11   2.001e+11     73.0776     79.4206     72.6294       1e+10       96.23      45.067     66.3815     39.2214     86.2677     18.4615     21.4723     4.09669
2.03505e+11 1.52198e+11 5.58902e+11     97.6569     85.0892     32.5423     91.2101       1e+10      99.977     72.5312     22.5974     49.5965     58.6007      35.054     36.4542
5.95361e+11 3.52415e+11 1.23142e+11     7.11543     83.8096      38.669     39.6946     98.3633       1e+10     19.6016     72.7512     30.7672     8.52709     20.8028     69.6472
7.89198e+11 9.47797e+10 7.85462e+11      8.3191     90.7347     78.7448      57.509      34.899     83.7616       1e+10      91.486      5.8693     90.2127     51.2396     11.6238
2.94637e+11 4.00963e+11   3.481e+11      7.1349     63.6354     39.8614     81.9448     11.7205     57.4859     7.43022       1e+10     14.3413     50.0868     39.9233     26.6669
6.26011e+11 4.15273e+11 4.07779e+11     46.2118     18.6196     44.8039     3.32994     38.2246     35.2094     30.3221     30.2371       1e+10     13.8861      34.144      19.734
6.19106e+21 7.32937e+21 4.11473e+21 4.88464e+11 3.15126e+11 2.49565e+11 7.51286e+11  7.8703e+11 8.60915e+11 2.96938e+10 2.66955e+11 3.51914e+11       1e+20  8.7437e+11 2.45098e+11
9.58648e+21 7.66521e+21 9.57207e+21 7.94286e+11 4.78267e+10 8.77078e+11 1.34574e+11 3.56771e+11 3.26145e+11 8.51332e+11 9.14505e+11 1.63106e+11 7.57822e+11       1e+20 4.61167e+11
5.73137e+21 8.87783e+21 3.66427e+21 2.28639e+11 1.43403e+11 2.42326e+11 7.11261e+10 2.59324e+11 4.76668e+11 6.49992e+11 6.18516e+11 2.23306e+11 5.33654e+10 4.94547e+11       1e+20
