       1e+20  8.93013e+60  8.74525e+61      54.5996      49.5126      96.3374      77.0176      90.6704      15.4446      2.63141      73.0916      88.2575      5.81485      19.1221      39.6409      4.51312      75.7673      88.0357 6.44433e+121  8.2471e+121 7.75915e+121
 2.31325e+61        1e+20  6.73155e+61      35.9789      10.2809      39.1584      50.4674      96.3566      40.1352      48.7828        52.91       59.693      88.1092      76.1573      77.7798      10.5874      87.8037       50.365 6.63176e+121  5.0616e+121 5.67821e+121
 5.59473e+61  3.97955e+61        1e+20      69.5825      72.1637      15.5004      83.1977      52.8629      78.5197      83.8675       5.6755      97.5797      61.8778      47.1033      90.4136      48.3401      86.3735      75.7587 5.14034e+121 7.47389e+121 9.07441e+121
 7.85855e+61  6.03474e+61  6.54175e+61        1e+10      49.3971      67.8364      31.8019      59.1985      69.4192       35.375      84.1271      85.9041      46.2669      90.2675      13.1119      89.8335      1.44201      88.9777      33.6567      56.5196      79.0867
 4.70979e+61  3.50718e+61  4.47091e+61      58.3268        1e+10      1.12225      59.5407      16.4382       68.024      92.6809       56.603      37.9465      56.2566      33.2126       17.727      36.8722      19.2983      17.3651       80.728      6.76056      69.6763
 4.41511e+61  7.45134e+61  5.64182e+61      10.8583      5.69638        1e+10      83.0813       73.483      18.2695      14.0692      14.0224      41.9325      78.1225      9.92366      84.1806      27.6702      60.5143      66.5238      85.1005      59.6157      24.7971
 6.24375e+61  5.71027e+61  5.90036e+61      58.9902      39.8884      47.4877        1e+10      37.3148       8.2159      96.2068       91.161      6.71397      39.9921      46.4445      1.02365      90.0453       15.373      10.2263      40.0444      86.1257       97.133
 5.81787e+61  9.06067e+61  9.15237e+60      40.7979      10.5883       83.822      29.0883        1e+10      23.1632      53.2731      84.0315      15.4407      14.8914      89.2562      20.3066      39.9886      91.7475      99.6702      84.5486      41.4914      67.7771
 6.01231e+61  5.48756e+61  2.27359e+61      60.4744      61.4785      27.2503       16.694      24.7355        1e+10      90.4875      99.9884      63.6324      76.8316      42.9547      17.3049      7.43529      21.9394      32.7566      52.6459      72.2433       62.489
 1.03402e+61  2.42495e+61   1.0407e+61      33.7291      30.6324      43.2215      48.2165      78.6191      78.3471        1e+10      71.2107      39.3574      1.43495      87.2844      75.4676      92.4059      23.3751      67.9036      25.0616      11.9925      90.6167
 9.34543e+61  1.25286e+60  1.70825e+61      28.2504      64.1879      33.3346      25.4257      73.0159      13.8336      67.7177        1e+10      87.5323      3.14885      94.0711      38.4287      78.6295      95.2607      75.4375      72.5843      7.74909      85.4381
 5.98152e+60  7.70081e+61  6.58128e+61      27.7898      96.4574      36.5312      54.8524      74.2029      95.5973      30.6226      48.7712        1e+10      36.5246      31.0639      92.4622       84.215      31.5268      20.5603       3.0109       55.586      54.4582
 1.76994e+61  7.91968e+61  4.92025e+61      6.54565      99.2149      15.3852      62.7169      61.8168      31.2101       60.984      55.0782      44.0329        1e+10      49.1623      22.5709      82.8196      70.7151      54.2772      99.8203      21.9534        59.98
 9.80776e+61  7.88384e+61  7.64299e+61      92.6679      41.8934      81.7317      92.2621      4.81774      72.0321      37.1369      21.0379      71.6594       88.053        1e+10      28.6962      90.7415      85.0942      75.8795       61.562      40.4058      41.9577
  7.7965e+61   2.4106e+61  9.98846e+61      71.4989      54.7843      68.5281      54.9747      33.7435      12.0355      97.6467      41.4521      72.1454       73.471      86.3204        1e+10      1.94202      67.3991      38.8586       19.376       36.314      60.2187
 7.73936e+61  2.33479e+61  2.37159e+61      61.9639      10.0732      20.0816      28.8888      44.8981      4.69304      78.2534      68.1474      57.0553      39.9472      27.2848      31.4946        1e+10      97.3853      14.7914      66.3442      7.05386      19.5957
 8.36017e+61  4.12759e+61  3.35326e+61      51.6715      99.8836      21.6201      39.7498      30.2017       9.3469      44.3528      17.2447      62.8203       93.767      79.3301      74.1407      90.7651        1e+10      90.2525      70.7883      79.4502      28.0834
 9.35861e+61  8.12846e+61  9.04912e+61      79.6513      94.5821      78.1164      38.7967      61.8318      8.03385      20.8098      93.7252       56.177      87.9117      1.21178       14.931      21.2486      7.38767        1e+10      19.0463      20.8626      1.71014
6.44433e+121  8.2471e+121 7.75915e+121  8.36998e+61  6.95476e+61  8.05601e+61  5.51392e+61  6.05922e+61  2.84285e+61  7.74942e+61  5.86348e+61  5.70437e+61  3.57965e+60  4.11637e+60  7.34493e+61  8.33051e+61  4.82062e+60  3.57308e+61        1e+20  5.86998e+61   9.0839e+61
6.63176e+121  5.0616e+121 5.67821e+121  6.10785e+61  3.36127e+61  5.12525e+61  8.19713e+61  7.74183e+61   8.6966e+61  2.26999e+61   9.8709e+61   3.4031e+61  3.31244e+61  7.97651e+61  6.14251e+61  6.62327e+61  6.75454e+61  1.36275e+61  3.86919e+61        1e+20  3.90759e+61
5.14034e+121 7.47389e+121 9.07441e+121  9.57338e+61  2.28325e+61  4.23043e+61  7.11312e+61  8.62575e+61  8.00497e+61  3.36434e+61  6.14428e+61  4.18399e+61   7.5444e+61  3.36064e+60  9.00206e+60  5.86773e+61  8.50172e+61  2.58668e+61  9.34838e+61  9.24469e+61        1e+20
