       1e+20  4.21693e+51  3.95538e+51      24.6848       68.002      30.1373      53.9401      21.4423       56.105       41.401      5.91449       80.538      93.2826      1.81416       43.488      77.7986       48.595      96.5583      2.65061      7.11617      2.15607      20.1617      42.6364      14.8683      93.5231      86.6354      74.7115      6.08844      32.3218       15.358      37.0692      12.8232      15.2641 5.68685e+100 1.89604e+101 5.55591e+101
 5.66556e+51        1e+20  3.07617e+51        1.486      60.1633      86.1723       51.245      50.5978      69.5528      15.1082      92.6827      31.0071      60.1181      87.3912      69.0327      80.8918      51.8295      96.8086      24.4204      12.9169      67.7271      42.3224      91.7642      41.5452      78.8216      68.4109      99.4375       49.235       66.282       4.7125      84.9594      16.8951      11.6534 6.97859e+101 6.03518e+101 9.01592e+101
 3.55909e+51  3.80984e+51        1e+20       49.683      90.2491      40.3293      36.2382      17.0628      83.3867      93.5628      12.8136      14.8768      83.5309      86.4035      79.7799      57.2441      37.7836      46.8073      39.5584      61.2802      54.5846      85.6055       12.482      1.75283      94.7039      78.9533      78.4511      71.9378      96.8373      44.4729       54.224      53.0235       83.444 7.10157e+100 4.69727e+101 7.35112e+101
 3.97157e+51  7.18325e+51  9.91439e+51        1e+10      53.1406      34.0815      69.7819      57.9176      40.7543      93.0705      32.9403       32.432      53.3863      4.73353       44.277       79.106      60.6232      50.7558      43.7854      25.2319       26.621      3.36408      81.2625      53.9503      35.5602      85.4964      56.3264      42.0342      52.2857      54.9564      54.6524      1.52723      33.7173      17.0204      43.9332      69.7722
 2.92441e+51  7.40172e+51  4.18275e+51      68.8675        1e+10      51.4204      42.2332      35.2568      61.8338      25.4287       50.907      97.9115      10.3972      44.7952      20.5514      68.7063       80.508      38.9403      11.1823      70.0685       10.334      5.48637      85.3685      56.5274      99.2846      59.5885      94.6574       34.806      98.7982      13.2872       35.169      40.0596      75.6373      40.1654       65.483      8.39794
 3.74824e+51  2.15934e+51  6.91258e+51      78.8639      18.5218        1e+10      46.5525      37.2952      45.3157      35.0571      27.4866      90.1871      80.7641      48.2757      44.6173      84.0128      35.9362      90.9289      26.5837       12.416      77.6267      19.6697       70.825      76.6706      47.3023      16.1074      11.5902      90.4554      84.7286      81.5595      22.7844       10.368      67.7374      50.4295      9.04715      10.1448
 1.73104e+51  7.04099e+51  1.13268e+51      73.5066       20.255       99.671        1e+10      41.5344      13.0917      16.9459      93.1162      48.8483      50.9362      68.8854       97.244      24.4734      13.9434      93.9107      53.0094      1.36089      60.7395      92.4974      51.2412      48.8061      81.6691      12.0567      63.5647      33.0228      43.9203      16.7613      36.0254      16.5466      95.0355      29.6002        12.98      65.5888
 3.19968e+51  2.75759e+51  7.61718e+51      56.1261      56.1561      15.3006      84.3038        1e+10      60.2344      57.1049      86.5266      25.2044      94.5886       60.551      57.7139       45.563      53.4222      2.12238       73.664      37.0888      90.9218      9.91001      94.5911      71.8566      40.6601      66.3517      61.6329      67.0895      64.0945      2.89369      94.4179      17.7529      26.5206      68.3251      20.9815      39.1864
 3.06632e+51  6.05902e+51  4.19523e+51      85.1386      4.94418      16.8418      37.4753      84.6493        1e+10      28.0258       51.894      60.1037      3.91937        1.789       2.3074      13.0282      54.1975      42.1348      19.1157      25.4649      83.2024      39.6261       40.082      42.0371       98.861      81.6149      36.9458      20.9639      40.5984      18.5832       88.704      19.4532      85.6032      44.0614      64.3434      24.7335
 8.79209e+51  1.20658e+51  6.83815e+51      65.9774       65.248      90.9882       84.659      92.2809      11.3204        1e+10      67.9044      50.2792       57.404      51.5187      87.8144      29.6785      42.1318      86.7619      58.1516      42.6069       63.164      93.6042      15.9822       21.463      91.1776      95.2199       85.571      33.5162      9.57467      50.2096      24.1645      64.9839      50.2968      14.5981      76.8427      79.7921
  8.3495e+51  9.55771e+51  3.01809e+51      28.2727      92.8725      11.3143      21.2325      61.9291      41.4943       15.673        1e+10      97.2333      61.8722      64.8373      27.7687      98.1527      45.1216      87.0253      51.1358      24.0422      34.0642      59.3431      75.9177      52.5984      37.1541       33.139      19.5176      87.8913      38.0866      68.5604      57.3445      84.2934      32.5576       10.986      10.0979       66.876
 9.85774e+51  1.21828e+51  8.86948e+50      67.1144      66.5896      32.8196      83.6168      72.3374      23.8754      61.1759      17.4164        1e+10      65.1518      53.9671      45.3674      53.3202      44.1549      10.2239       76.129      35.1185      90.1334      69.9787      94.8558      47.1089      26.5602      8.23827      90.9886      91.6346      61.8049       81.373      16.0194      62.3182      13.5798      69.0468      95.8167      55.7666
 5.35587e+51  3.53443e+51  8.72586e+51      31.0153      63.8803      43.0706      84.8982      98.4006      32.6762      36.6196       27.293      85.1914        1e+10      38.1625      76.8567      72.9142       63.182      63.4817      67.0202      81.5879      5.42364      10.2226      16.3292      41.3755      7.76325      66.9755      33.2835      65.2963      89.6065      60.2489      77.6933      50.8833      29.1597      55.4985      31.7884      26.9267
 3.99968e+51  7.28265e+51  7.27465e+50      86.4224        83.64      90.9228      48.3541      8.35377      92.9687      25.4073      69.9166      23.1552      53.5133        1e+10      29.0154      19.2612       51.206       92.532      14.0489      6.57562      20.9565       69.257      65.3665      52.5587      66.5076      26.3556      30.5085      55.8698      37.0236      66.9196      10.0852      18.8658       93.632      56.2963      15.5886      39.3188
 4.16559e+51  5.80548e+51  9.24708e+51      45.9931      91.3172      83.0575      51.7465      98.2287      42.2783      74.7882      2.43083      7.46779      82.6333      90.5704        1e+10      29.1883      92.8512      6.14225       42.246      3.42442      2.10681       64.741      72.6569      10.5085      84.1632      23.0064      1.49342      65.6544      34.4483      88.1391      49.4373      55.2613      84.9978      64.8627      15.2032      10.3049
 6.90012e+51  5.40091e+51  7.21466e+51      37.7164      96.0136      36.9287      42.7741      81.2599      58.5681      89.7837      73.0289      67.2836       5.2863      70.0548      53.5896        1e+10      85.9029      77.4717      86.9534      43.1423       50.433      81.3266      80.7418       96.494      66.7873      57.8847      21.8018      73.9922      66.6667      62.9265      67.5405      7.03701      42.6609      89.1164      28.6897      85.2284
 5.15927e+51  6.69172e+51  8.19758e+51      62.6454      16.9779      47.1415      87.6881      71.2059      34.1501      65.5224      38.4463      62.2325      53.1781        44.06       41.292      89.9575        1e+10      58.0133      10.6536        7.931      31.3526      55.7738      6.07176      27.6992      26.6233      55.0429      71.6707      22.2065      63.7899      27.3154       43.865      27.9766      25.9854      32.4732      32.0332      17.6304
 2.42785e+51  1.98771e+51  6.50379e+51      98.6322      52.0824      1.23917      7.11969      22.3558      78.3954      59.3885      35.9122      59.3518      86.6439      89.0423      44.2356      22.0503      76.7199        1e+10       39.981      42.2597      16.6184      1.34693      20.9125      16.5857      71.7556      47.7124      32.7801      81.0319      11.0393      54.5288      85.8994      78.8629      41.9004      54.9457      47.1346      4.06234
 7.72494e+51  7.70937e+51  5.91497e+51      90.7675      80.6085      28.1216      46.4247      52.4744      10.7343      93.6063      25.9219      91.6411      92.8528      2.24677      21.1086      7.08437      6.50669      62.9132        1e+10      86.8923      10.9139      89.4488      99.9603      30.3535      93.2166      11.9909      67.9785       98.937      98.3593      52.7407      34.5724      62.0744      46.3103      6.49071      72.4427      20.3771
 4.68719e+51  8.46013e+51  7.88787e+51      25.7276      51.2379      68.1297      26.8913      19.4029      14.6123      85.0145      9.91782      18.4815      37.6034      60.8378      75.8681      49.6962      95.9183       66.117      68.3059        1e+10      94.7623      77.8011      63.3996       58.603      15.7681      10.5048      74.0198      72.6433      7.76606      34.4179      92.9432       72.418      95.8159      19.3866      54.5383      95.6441
 1.96648e+51   8.4888e+51  7.70109e+50      33.1334      93.8581      57.8759      82.8593      26.8919      54.1641      46.7359      82.0922      88.5305      32.8922      76.7329      19.7853      23.7209        14.99      20.9332      61.5544      46.0094        1e+10      65.4126      56.1185      60.0241      90.9092      88.5183       9.6959      77.0602      3.67761      89.8472      56.1537      14.5013      34.6179      96.9013      59.3017      29.3902
 9.40907e+51  7.57011e+51   7.6223e+51      33.3379      56.2187       40.334      63.8522      41.1814      41.1151      68.5297      40.0772      99.6648      86.3699      13.2766      71.6962      17.8831      65.4813      96.6047      2.35538      11.3962      86.5168        1e+10      75.1406      60.1157      29.6873      42.1622      66.3367      27.7662      60.3957      34.7798      10.1108      32.3534      76.1769      17.4445      78.3116      60.7901
 6.18223e+51  7.25672e+51  5.36391e+51      60.7653      18.1817      55.3732      24.1271       37.117      84.6003      34.4814       52.884      5.01056      98.4719      39.0305      92.8619      83.8687      4.72636       97.735      39.8353      15.5116      36.6059      48.2556        1e+10      87.5923      25.7061      32.2867      16.3775      76.5911      66.3898      37.4622      24.6016      56.9026       90.083      32.9313      93.7574      65.2285
 2.40846e+51  8.70031e+51  5.40511e+51      84.5949      91.1929      4.65066      71.2145      52.1663      4.82259      52.8931      25.3575      88.5665       32.192       67.519      15.3849      20.6038      85.4414        95.58        44.75      60.4809      9.12215      20.2184      33.8595        1e+10      54.1061      47.1767      25.9448      32.6926      89.8142      67.0319      56.0374      4.64935      17.3743       44.753      35.1487      5.16033
 1.86841e+51   9.6903e+51  6.30822e+51        35.26      21.9881      39.2032       48.197      80.4622      20.4921      71.4715       56.249      84.4253      17.7778      35.5761      59.7388      28.8292       9.1037      58.6523      5.04246      64.4097      23.0273      58.3279      31.9038      89.1448        1e+10      3.34911      51.4368      43.9762      8.10251      50.0781      45.4414      70.8305      86.9133      23.5051      79.0137      24.4877
 6.60109e+51  4.26631e+51  3.45011e+51      42.7757      57.6367      76.7396      5.53608      75.7687      87.3474        47.18      30.1786      46.2484      87.6906      75.5496      2.67063      38.2701      12.0646      22.5735      4.74972      56.4857      65.0657       36.206      44.4384      20.1536      41.8058        1e+10      96.0283      92.6383      36.3183      70.2543      35.6384      92.7175      42.9556      13.1672      26.3278      64.5489
 9.86074e+51  1.80733e+51  4.25704e+51      75.6102      13.2125      18.4274      88.7069      31.3807      74.9234      15.1553      9.02374      93.5171      12.0298      51.5876      11.7988      59.9746      34.6915      19.8219      24.5039      76.6029      51.2565      75.1803      30.7622      36.4707      31.1714      98.3583        1e+10      62.0365      82.0391      75.5384       70.279      30.8667      11.9538      6.86891       41.413      79.8023
 8.79658e+51  7.47604e+51  3.60377e+51      66.9438      87.2435      97.2358      18.7141       70.988      49.4669      43.9662      86.5291      61.8685      78.1927      17.9938      35.1725      8.80804       32.618      71.5294       4.5381      41.8436      70.4546      43.6776      29.9893       10.938      22.7818      42.3577      4.94776        1e+10      4.04428      31.6584      84.4846      94.2671      14.5448      40.2191      69.5844      39.0702
 3.11514e+50    4.735e+51  5.24615e+51      97.3348      46.7748      88.3552      26.2744      50.6585      7.15716      43.2653      1.03605      99.2998      90.7861      95.5997      96.8829      71.4515      75.6469      83.1955      15.4715      37.0181      54.8058       77.741      67.4051      63.1969      58.6584      17.2489      55.6324      87.1365        1e+10      99.8837      90.1481      82.7563      47.8518       75.847      75.7701      61.9305
 2.22018e+51  8.68592e+51  2.92214e+50      65.7694      98.8692      84.3448      40.2809       79.377      3.94183      17.1718      84.7605      31.4079      23.2996      88.0426      11.9461      43.6224      62.0476      3.68707      54.0135      36.5104      18.6226      56.7632       30.029      26.7747      61.1869      85.1001        17.21      47.7068      16.2983        1e+10      39.4771      11.7364      7.06061      1.70206      63.6976      98.3774
  7.0096e+51   8.0862e+51  8.20104e+51       40.455      22.3665       81.409      39.6517      3.74703      13.6986      77.2946      42.2378      89.2187      37.5192       9.8087      54.4014      8.33821      24.8385      64.9145      41.9741      29.4598      87.9504      38.3612      32.5613      17.0997      45.6292      80.6508      17.0472      69.9286      33.7921      12.0368        1e+10      52.8726      80.2358      32.5704      99.3204      19.1356
 3.10702e+51  8.85193e+51  9.10153e+51      22.0196      14.7768      18.4924      79.2145      71.1008      62.2622      83.6663      5.95054      79.8378      84.0687      96.4138      40.3708      49.2501      24.2419      79.7539      17.1221      43.1343      55.9619      96.9027      10.0415      77.0652      52.1816      3.88436      30.3439       92.225      9.50652      15.2417      27.2173        1e+10      62.1159      7.26422      75.6419      67.3592
 7.78575e+51  7.29555e+51  3.26838e+51      66.2554      59.0325      70.5172      90.5258      29.9748      72.4947        31.28      77.4432       61.415      82.4177      75.4337      79.9788      24.5143      13.8771      99.4956      77.4339      48.4273      85.3497      98.0856      21.7933      67.3199      40.0085      53.5109      16.6475      95.9418      81.5803      40.0431      24.4366      27.6315        1e+10      90.5707      15.5825      29.9326
5.68685e+100 1.89604e+101 5.55591e+101  8.91381e+51  1.26155e+51  2.17383e+51  7.48898e+51  1.98098e+51  9.60853e+51  7.08574e+51  5.40514e+51   4.0955e+50    2.105e+51  9.52122e+51  3.41813e+51  6.45823e+51  6.16221e+51  1.17217e+51  8.05325e+51  8.97401e+51   4.2535e+51  2.39667e+51  4.40433e+51  1.78526e+51  4.03331e+51  5.96041e+51  9.44983e+51  4.18664e+51  3.06294e+51  5.55097e+51  9.00389e+51  5.89614e+50  6.36798e+51        1e+20  9.73816e+51  1.91825e+51
6.97859e+101 6.03518e+101 9.01592e+101  8.66567e+51  6.69174e+51  5.15739e+51  4.89963e+51  2.90184e+51  3.01653e+50  7.67368e+51  3.78909e+51  1.22698e+51  3.74549e+51  1.14735e+50  8.36478e+51  2.83561e+51  8.38651e+51  3.05097e+51  5.99075e+51  6.73662e+51  8.15829e+51  9.92668e+51   9.0304e+51  3.10155e+51  8.67418e+51  8.83808e+51  8.56703e+51  3.42592e+51  6.07922e+51  6.91981e+51  8.08697e+51  9.51068e+51  9.48332e+51  2.32846e+51        1e+20  3.71314e+51
7.10157e+100 4.69727e+101 7.35112e+101  3.51229e+51  8.41732e+51  2.19375e+51   3.2759e+51  6.42317e+51  3.43284e+51  5.57087e+51  2.83502e+51  5.93264e+51  9.18149e+51  2.02289e+51  9.95302e+51  9.22205e+51  9.33851e+51   3.8436e+51  8.76162e+51  1.84958e+51  9.46837e+51  3.57196e+50  7.16173e+50  2.38473e+51  3.92932e+51  1.30994e+51  1.13049e+51  3.07478e+51  8.03784e+51  5.23303e+51  5.86056e+51  6.66911e+51  9.23513e+51  3.07361e+51  8.00654e+51        1e+20
