       1e+20  7.69993e+50      27.9438      41.7084      31.5354      66.2029      55.3999      46.9607      73.0203      74.3896      54.8678      32.2437       32.996      47.2008      34.0562      29.3933      17.8217      95.6424       61.802      60.2245      69.3942      98.4596 4.15168e+101 8.08926e+101
 2.95229e+51        1e+20      35.4723       66.907      6.88261       46.394      61.3531      63.7003      11.9244      57.9022      43.8785      2.45953      21.8198      16.7071      8.17312      7.14967      67.8673      76.3742      10.0018      69.8322      34.1825      19.9148 8.31937e+101 2.25911e+101
 3.28859e+51  9.89594e+50        1e+10      80.6026      29.1143      53.3802      19.5809      60.2639      12.2801      56.9423      75.8705      99.3944      74.1481      91.1419      33.3454       53.815      39.4361       75.147      64.9677      1.30217      10.1559      75.8188       57.669      29.0802
 1.34131e+51  2.17515e+51      2.62879        1e+10      75.9201      22.3838      20.4511       69.017      67.6291      21.1099      35.3892       21.129      95.7142      13.8433      48.2685      56.1047      10.8161      22.3219      67.2812      65.2776      89.6732      83.2319      79.3366      42.7507
 7.82813e+51  5.56284e+51      26.5772      30.5035        1e+10      14.9191      19.7054      96.9476      6.64427      1.60885      29.9228      68.7236      81.7656      77.2996       16.556       65.302      45.8357      68.2783      77.5574       12.841      94.8089      95.2951      88.3952      59.0749
 9.77098e+51  2.13767e+51      49.6637      61.4952      10.2188        1e+10      5.17136      18.0864      4.80954      81.5022      99.0051      39.2819      25.1486      2.69183      18.6054      67.0009      4.35662      82.3323      69.3454      93.2351      10.1457      17.6394      98.3014      66.5817
 2.80856e+51  9.43017e+51      84.8225      27.9298      44.9206      52.0828        1e+10      96.9654      52.0563      5.40222      82.3278      43.1481      63.0672      23.9927      41.0594      77.1211      33.3491       43.735      90.6477       86.252      24.3814      87.4322      11.6616      24.0719
 7.25994e+51  4.28757e+51      33.2772      57.4473       38.547      45.4545      84.9083        1e+10       52.605      73.6292       4.3124      23.5914      14.0093      10.2956      62.7567      98.3582      74.2291         85.1      73.1998      73.6431      55.0335      64.6893      86.8547      3.45338
 5.87917e+51  4.98996e+51      11.2174      95.9675      76.1258      73.9697      50.5654      78.4395        1e+10      92.4266      56.9073      82.1605      26.6081      23.5116      34.3125       74.174      10.5063      50.1996      45.7195       3.2369      78.9778      50.8219      18.2162      4.03299
 4.22415e+51  2.71876e+51      93.7184      36.0767      25.5232      80.1971      74.4994      16.5463      12.3202        1e+10      39.2701      19.0187      62.4616      97.1408      32.2013      10.4665       86.164      82.1712      65.7948      51.2197      24.6835      96.5881      86.4804      80.7409
 5.09722e+51  5.52888e+51      54.0287      59.0761      43.8856      21.3746      7.29216      71.7986       21.622      41.2583        1e+10      57.9807      34.1383      6.00979      75.6001      46.6266      30.3337      94.9161      94.5216      40.9243      20.3111      54.3625      70.0867        81.79
 4.11341e+50  2.81809e+51      65.8458      22.5447      6.62924      70.8083      64.4845      97.1449      64.4574      98.0709      57.5161        1e+10      94.3317      5.27721      11.6121        89.73      74.8083      95.0353      13.9979      79.7943      90.8188      45.6308      13.5113      91.4282
 8.79862e+51  2.48974e+51      15.0952      84.7405      86.0184      89.4158      42.5865      20.7177      29.4066      20.4919      20.7723      18.0238        1e+10      22.2894      33.8931      28.0719      53.1649      85.5278      48.1271      20.5651      17.9186      6.73374      4.11974      79.0422
 1.48778e+51  8.23744e+51      48.3304      43.8985      70.8154      65.2952      58.3749      92.9178      18.5874      92.3146      28.8245      40.3085      76.2865        1e+10      98.5928       86.686      7.45487      28.2651      38.2567       31.572      6.56305      77.7438      57.5189      92.4516
  7.7794e+51  9.97803e+51      8.72149      54.8218      63.0765      9.35528      9.93905      82.0532       16.805      50.6759      31.1453      15.3956      17.9232      18.2865        1e+10      52.4867      73.1665      69.2644      98.0978       52.994      64.4619      99.6643      77.2006      78.2829
 6.92906e+51  8.26891e+51      63.9948      94.9579      81.9858      65.5416      16.5562      70.2831      7.84611      87.0017       13.199       73.931      82.9039      47.8975      56.4048        1e+10      27.3389      95.0341      97.3267      65.2846      20.1555      84.7115      53.9416      96.2584
 5.79609e+51  2.46159e+51       74.518       37.617      6.89211      89.8183       38.572      67.4172      34.1338      4.63479      44.5069      78.5786      94.3051      30.5385      95.7336      18.8874        1e+10      14.4291      20.4279      96.3668      56.7827      2.42735      54.1069      78.9319
 6.43473e+51  5.07524e+51      63.0103      8.85055      22.1526      52.2409      30.3136      88.3454      87.6037      71.2979      71.4036       38.818      74.9038      51.4248      25.9175      28.0868      19.7931        1e+10      93.0139      47.5157      5.38616      19.9754       31.563      48.3696
 5.45796e+51  8.58025e+51      91.1757      60.8036      4.53051      71.1708      86.3645      34.7676      4.99101      51.4591      11.2699      31.4472      93.9872      42.2292       60.682      71.9965      17.0689      69.8424        1e+10      78.2824      98.9498      75.5304      98.5725      9.76971
 8.65559e+51   1.2602e+51      98.4154      51.7121      90.6326      75.8367      27.9878      10.0037      53.8515      33.0414      63.9987       98.351      12.3289       31.282       18.023      51.7805      43.9933       66.594      5.95566        1e+10      76.3478       19.346      59.8407      82.0517
  7.4685e+51  6.46302e+51      45.3847      56.1809      65.0511      23.0563      94.6088      46.7203      80.5215      88.8853      63.7182      66.6425      15.2123      27.7113      92.9944      26.6795      6.47918      6.05302       21.279      84.7724        1e+10      25.5385      9.30688      5.88843
  9.1105e+51  6.35965e+51       90.956      68.5251      58.3524      34.2474      94.7198      43.7067      86.0442      67.2641      60.9458      61.5924      9.38283      59.1524      77.9685      91.9042      68.5556      43.0089      61.6264      76.3803      51.9439        1e+10      98.2368      85.9703
4.15168e+101 8.08926e+101  8.11045e+51  1.57069e+51  8.55904e+51  5.78225e+51  9.25294e+51  2.55599e+51  2.41346e+51  3.98875e+51  5.10004e+51  1.15499e+51    8.526e+51  1.41859e+51  6.49205e+51  8.18527e+50  5.37768e+50  9.29329e+51  9.99898e+51  4.18205e+51  4.16324e+51  3.85015e+51        1e+20  3.59933e+51
8.31937e+101 2.25911e+101  6.90005e+51  3.06989e+51  2.66809e+50  2.89484e+51  8.44272e+51  8.42923e+51  4.79386e+51  2.30191e+51   6.7353e+51  1.11494e+51  9.27909e+51  2.20165e+51   2.3533e+51  2.24131e+51  2.43665e+51  2.19744e+51  3.47081e+51  5.20024e+50  3.23249e+51  8.13212e+51  1.07342e+51        1e+20
