       1e+20  6.18713e+61      10.7606      81.9569      96.4254      26.5909      29.7871      6.65614      21.9874      69.0925  2.4015e+121 7.84378e+121
 4.63755e+61        1e+20      55.1561      64.4699       24.358        92.02      39.7183      17.0067      75.9523      10.8153 3.02316e+121 7.51933e+121
 5.94573e+61  6.48205e+61        1e+10      84.9874      79.1894      3.22179      20.7655      85.1085      14.1859      33.3204      12.0858       49.454
 9.68826e+61  8.89409e+61      95.6839        1e+10      52.3272      90.2233      15.4518      18.4394      20.8551      92.5414      51.5732      53.5217
 8.19416e+61  6.97231e+61      55.1451      30.5133        1e+10      12.6033      41.7337      24.3408      96.7369      58.8442      52.8972      11.9774
 6.23736e+61  9.44101e+61      19.2568      9.00243      57.6272        1e+10      1.09094      17.0025      15.7093      22.8066      51.2408      89.4297
 3.22939e+61  4.40325e+61       61.126      38.1949      27.5205      36.7972        1e+10      84.3678      49.2361      42.4398      71.1989       48.683
 3.94134e+61  2.48016e+61      36.2934      91.3845      36.2101      93.5602      38.1591        1e+10       26.524      64.5004      73.8846      80.0699
 2.70064e+61  5.59018e+61      64.6324      85.6647      12.7833      98.8677      24.4489      9.02245        1e+10      38.8133      27.1931       99.245
 6.60434e+61  3.09155e+60      20.5833      3.01533       8.3341      21.7846       49.029      86.5896      69.0016        1e+10      84.3848      81.0034
 2.4015e+121 7.84378e+121   3.3176e+61  8.03254e+61   3.1894e+61  2.52346e+60  8.94862e+61   4.0155e+61  4.09757e+61  8.19398e+61        1e+20  7.26113e+61
3.02316e+121 7.51933e+121   4.6574e+61  5.53878e+61  6.69284e+61   2.9381e+61  4.98984e+61  2.06257e+61  9.51613e+61  6.21541e+61    2.393e+61        1e+20
