      1e+20 9.14459e+11     20.5347     78.1988     68.5432     73.3992     2.27732     33.3821     60.1386     73.5195     14.1956     31.3195 5.77351e+21 8.77525e+21
6.24935e+11       1e+20     52.6504     30.6432     76.9701     26.1204     34.3396     54.5407     50.3337     84.8824     51.8962     36.6753 4.82547e+21 7.52684e+21
6.31225e+11 9.52901e+11       1e+10     6.93671     32.1214     4.06678      56.268      61.307      45.904     32.5298     75.4367     28.4067     60.5217      64.885
1.89455e+11 3.87018e+11      50.443       1e+10     88.0778     51.5981     69.8205     6.78136     61.4159     6.90158     73.3342     4.83895     52.7677     19.2056
7.63196e+11 4.27866e+11     15.1439     86.2501       1e+10     55.7637     11.3097     79.6612     83.6733     39.4231     2.22985     21.5576     88.0667     13.6353
8.32222e+11  6.5074e+11     76.2956     2.22676     45.2946       1e+10     87.3894     64.3738     2.17198     92.8369     21.3408     59.9366     35.9584     92.2918
7.89146e+11 1.01862e+11     68.3884     8.34655     38.5208     21.2428       1e+10     57.3794     31.2364     12.6829     34.7501     10.7405      26.102     23.0445
2.16933e+11 2.32769e+10     90.4636     29.0367     43.7643     42.0138     39.9301       1e+10      93.983     19.0842     84.9031     59.9807     89.2965     34.1929
3.47734e+11 5.94455e+11     59.5178     66.3008     21.5902     11.2303      32.684     73.3773       1e+10     57.2107     22.5128     52.7734     56.2992     52.2283
2.66051e+11 7.26848e+11      47.303     17.5327     6.90925     28.5893     95.4192     77.6222     88.1348       1e+10     64.9866     22.4235     59.8521      32.785
4.75252e+11 2.74886e+11     12.1569     30.3644     34.2279     70.0505     82.6944     76.4386     33.9131     53.5091       1e+10     78.0649     74.1997     93.1736
8.49076e+11 4.37969e+11     93.2912     25.7463      80.108      76.531     53.2741     83.6076     21.2453      30.588     11.0741       1e+10     77.8119     5.00175
5.77351e+21 8.77525e+21 7.29081e+11 8.92175e+11 5.32123e+11 4.51221e+11 2.32842e+10 6.21157e+10 8.35539e+11 4.66846e+11 5.31213e+11 9.04859e+11       1e+20 5.42085e+11
4.82547e+21 7.52684e+21  5.8682e+11  5.6853e+11 4.53847e+11 9.94149e+11 1.69223e+11 4.64891e+11 1.66075e+11 2.99477e+11 1.27992e+11  3.1574e+11 5.30858e+11       1e+20
