      1e+20     87.1004     6.93812       5.234     70.3464     41.4043     96.3738     3.66088     94.2176     71.1542     43.6517 1.8865e+101
8.17034e+51       1e+10     15.7123     17.9157     36.7917     94.2098     68.6035     83.0683     29.5949     40.5802      37.938     19.2291
5.88805e+51     33.9427       1e+10     10.7432      53.162     40.7465     71.9385     63.8575     20.5059     65.3167      8.5422     81.3926
3.17064e+51     65.3972     28.6401       1e+10     34.3231     57.3941     38.6574     43.2716     90.9416      25.439     37.1145     34.4801
6.92264e+51     45.6596     91.7804      94.057       1e+10     11.9046     37.7112     89.1861     80.9486     18.3427     52.3473     71.8903
8.75392e+51     2.23876     35.2865     45.0202     25.8984       1e+10     18.4931      99.253     52.9444     6.69747     94.5267     96.3724
7.78539e+51     90.2371     58.8143      36.165     42.6876     42.6104       1e+10     74.6628     81.7227     80.5411     41.4818     91.7392
 2.5527e+51     66.2189     9.35539     81.1574     8.75543     16.1386      8.0576       1e+10     77.3224     21.0036     46.5649     43.0445
 1.4066e+51     63.9767     16.9899     42.2835     40.6107      96.724     54.2848     93.4628       1e+10     88.7658     24.1216     36.9526
7.71413e+51     66.0256     17.6948     69.1077     7.11778     52.3537     77.7625     15.4093     53.6611       1e+10     60.9877     57.0559
3.52769e+51     72.7364     40.0618     46.5546     36.3955     33.4385     41.3807     86.9845     15.9798     63.2752       1e+10     67.4835
1.8865e+101 9.36442e+50 8.52163e+51 8.69431e+51 3.23911e+51  9.0781e+51 5.61021e+51 5.36733e+50 5.82591e+51 7.79518e+51 5.07021e+50       1e+20
