       1e+20  9.30977e+70  5.53059e+71      76.0232      7.56337      16.3907      59.9702      61.0154      38.9952 7.22985e+141 2.42739e+141 1.05502e+140
  9.4049e+70        1e+20  9.04052e+71      5.29282      94.7202      81.3498      14.1392      75.3613      67.2005 2.28604e+141 9.73553e+141 5.22664e+141
  1.0208e+71  1.97329e+71        1e+20      1.42384       81.332      99.4844      17.5361      78.2886      87.9739 8.32869e+141 4.78502e+141 8.82381e+141
 1.14343e+71  9.08371e+71  1.82027e+71        1e+10      10.5383       49.024      70.5991      30.1078      94.0388      22.4786      23.6884      18.5755
 5.56049e+71   2.0768e+71  8.95598e+71      76.5914        1e+10      81.4048      2.87112      66.5237      4.88645      17.7797      81.9075      82.8251
 7.59681e+71  1.88314e+71  2.52283e+71      23.2842      78.6873        1e+10      92.2743      68.7914       32.114      73.5316      27.2696      94.6689
 5.30264e+71  1.99819e+71   9.0847e+71      69.9991      57.3885      37.2621        1e+10      87.7601      26.6737      27.4672      54.2344      64.6998
 1.31857e+71  5.09351e+71  4.18321e+71      84.9011         73.3       57.428      9.43449        1e+10      63.8566      77.7951      20.9028      18.3092
  1.1689e+71  3.97495e+70  3.36332e+71      11.6289      69.0925      56.0436      86.9945      50.1412        1e+10      48.8929      93.4702      30.1206
7.22985e+141 2.42739e+141 1.05502e+140  8.87319e+71  9.11624e+71  3.76859e+71   8.2328e+71  8.72445e+71  4.32098e+71        1e+20  4.22083e+71  2.02586e+71
2.28604e+141 9.73553e+141 5.22664e+141  7.57383e+71  9.05027e+71  4.41401e+71  1.89728e+71  3.09385e+71  3.44557e+71  7.90294e+70        1e+20  3.97878e+71
8.32869e+141 4.78502e+141 8.82381e+141  3.13969e+71  5.86523e+71  3.26349e+71  5.98861e+70   3.1546e+71  4.71243e+71  1.54167e+71  9.73566e+71        1e+20
