       1e+20  2.36735e+61      5.35612      66.3941      39.4687      14.8723      84.0346      76.9302 1.28641e+121 4.85574e+121
 1.13697e+61        1e+20      25.9574      46.1564      60.3752      12.4499      80.8361      77.9284 2.44452e+121 7.77547e+121
 3.58307e+61  1.33027e+60        1e+10      49.7153      84.9983      35.8638      11.0814      10.4255      96.7434      60.0844
 6.81985e+61  3.24118e+61      24.1274        1e+10      39.7989      42.7675      33.7499      61.9285      24.8464      72.7792
 3.08833e+61   3.2273e+61      6.09613      14.3548        1e+10      35.5772      82.0609      17.7273        93.97      93.7941
 4.07778e+61    2.355e+61      62.0353      79.5986      17.2712        1e+10      24.4362      2.21256      32.3206      42.1453
 2.66864e+60  4.53306e+61      11.1118      42.0026       62.349      4.80288        1e+10      78.1997      64.8063      96.2155
 5.81032e+61  9.08225e+61      74.4821      16.0235      37.1176       45.689      24.0635        1e+10      97.7729      7.14264
1.28641e+121 4.85574e+121  6.11221e+61  3.77018e+61  8.09376e+60   1.5442e+61  3.94597e+61  3.83302e+61        1e+20  6.52088e+61
2.44452e+121 7.77547e+121  3.93456e+61  5.38667e+61  1.09064e+61   6.4925e+61  5.00503e+61  8.52935e+61  7.92483e+61        1e+20
